0.00000000000000e+00  0.00000000000000e+00  0.00000000000000e+00  0.00000000000000e+00
1.00000000000000e-01  1.38196602525267e-01 -2.62865556816548e-01 -3.61803398354594e-01
2.00000000000000e-01  2.62865557705313e-01 -4.25325404192492e-01 -4.25325403144296e-01
3.00000000000000e-01  3.61803399410709e-01 -4.25325403399728e-01 -1.38196599725390e-01
4.00000000000000e-01  4.25325403157556e-01 -2.62865556049446e-01  2.62865557693531e-01
5.00000000000000e-01  4.47213593769911e-01 -7.88125058339658e-10  4.47213597243241e-01
6.00000000000000e-01  4.25325403158901e-01  2.62865556069744e-01  2.62865557703131e-01
7.00000000000000e-01  3.61803399408505e-01  4.25325404952202e-01 -1.38196599731855e-01
8.00000000000000e-01  2.62865557707463e-01  4.25325404159648e-01 -4.25325403149308e-01
9.00000000000000e-01  1.38196602524011e-01  2.62865555302544e-01 -3.61803398345891e-01
1.00000000000000e+00  0.00000000000000e+00  0.00000000000000e+00  0.00000000000000e+00
