0.00000000000000e+00  0.00000000000000e+00  0.00000000000000e+00  0.00000000000000e+00
1.00000000000000e-01  1.38196601125011e-01  2.62865556059567e-01  3.61803398874989e-01
2.00000000000000e-01  2.62865556059567e-01  4.25325404176020e-01  4.25325404176020e-01
3.00000000000000e-01  3.61803398874989e-01  4.25325404176020e-01  1.38196601125011e-01
4.00000000000000e-01  4.25325404176020e-01  2.62865556059567e-01 -2.62865556059567e-01
5.00000000000000e-01  4.47213595499958e-01  5.47678698264203e-17 -4.47213595499958e-01
6.00000000000000e-01  4.25325404176020e-01 -2.62865556059567e-01 -2.62865556059567e-01
7.00000000000000e-01  3.61803398874989e-01 -4.25325404176020e-01  1.38196601125010e-01
8.00000000000000e-01  2.62865556059567e-01 -4.25325404176020e-01  4.25325404176020e-01
9.00000000000000e-01  1.38196601125011e-01 -2.62865556059567e-01  3.61803398874990e-01
1.00000000000000e+00  0.00000000000000e+00  0.00000000000000e+00  0.00000000000000e+00
